0.168073124012   0.165287322271   0.164555818324   0.164975132177   0.166636192347   0.170454008839
0.169365340307   0.165784005542   0.164134337612   0.164348701021   0.168854108241   0.167497214696
0.375294376958   0.180272475219   0.152991482589   0.139967877306   0.0822257956016   0.0692466913417
0.183174192555   0.159554936143   0.160010222816   0.159877432656   0.164692516606   0.172674116027
0.166816085271   0.167429369951   0.165648677422   0.166502148202   0.169509537407   0.164081214314
0.194858807287   0.181866594202   0.169540619961   0.164596456127   0.156441646238   0.132693407135
0.165560147863   0.166084272331   0.165114214877   0.166076206057   0.168789160079   0.168358651096
0.170924791044   0.16406676702   0.163776407966   0.162962714752   0.166920770422   0.171331330622
0.169989442198   0.167776728526   0.167373609191   0.167245044473   0.17167696348   0.155926476546
0.175601437337   0.167144241926   0.163596228328   0.16343285159   0.163886895611   0.166323359662
0.184159403095   0.181205336547   0.167207104688   0.163640305813   0.160332228479   0.143448526806
0.166437870316   0.164542276229   0.164473369154   0.164451680257   0.165658215524   0.174421190293
0.267041676113   0.208008656064   0.148096920335   0.142108399752   0.121184188433   0.113557750358
0.177689687675   0.177458265248   0.169322907744   0.169932181798   0.166788068408   0.138804763895
0.181374362912   0.166723734954   0.166673604067   0.164362356982   0.164461291874   0.156394381195
0.188227897687   0.169024571938   0.163835496181   0.162405496009   0.164745169604   0.151753262685
0.166634692396   0.16008698729   0.161184376785   0.162073016025   0.164177958092   0.185824177769
0.176893163452   0.164489765919   0.162914255293   0.162644420901   0.161447853901   0.171595489741
0.16486842813   0.163594755565   0.164270134176   0.163506714016   0.16718422809   0.176551958953
0.178259076529   0.172891237584   0.159368815256   0.159966283092   0.154579762822   0.174926935235
0.166940037176   0.166880156431   0.166967378067   0.167450053109   0.171146175811   0.160602394877
0.190496509026   0.178099964579   0.170057518029   0.162053350315   0.160060941826   0.139225643763
0.193338966971   0.172548268724   0.161593851996   0.159896089022   0.158693601463   0.153918866393
0.189716924276   0.175268915682   0.165916014252   0.163033806513   0.15899097191   0.147067322637
0.16577623928   0.166883239453   0.166840715433   0.16743670953   0.172850602203   0.160195368778
0.203098901361   0.162148622843   0.162078173252   0.15959864178   0.154788154105   0.158277667728
0.189076804244   0.172050819582   0.160544711028   0.161905594175   0.158671697172   0.157744031519
0.170843938293   0.171526165595   0.168880013165   0.170911479214   0.171691730637   0.146138920623
0.164899908092   0.165458581606   0.166175654866   0.165879380767   0.168985166624   0.168583352169
0.218306494273   0.157277438259   0.156998954021   0.158865809128   0.147611983179   0.160932751651
0.179871740583   0.16799550694   0.163700675099   0.163045353333   0.167421420146   0.157949279516
0.167434835132   0.164536666604   0.164926040653   0.165624474229   0.167537491603   0.169925048138
0.289541694487   0.174310279587   0.151741669989   0.135310921374   0.130519739871   0.118572469594
0.208102349208   0.182042233921   0.166445424372   0.164564065933   0.154111798531   0.124732025137
0.164884411444   0.164560050587   0.165759263404   0.166002811483   0.171526198371   0.167247361049
0.165193667719   0.167461327656   0.16740220841   0.16992501447   0.172335074872   0.157668211733
0.168489839134   0.167997806823   0.166024669544   0.165304308349   0.167444746599   0.164726553639
0.170892946681   0.171666650769   0.168845038086   0.169156725348   0.171365677467   0.14806543708
0.177153778966   0.17380533261   0.167995875628   0.168336182188   0.163048469588   0.149651221
0.162429552563   0.162547463562   0.163718809495   0.164515413817   0.170264250173   0.176497199303
0.17491394775   0.171090567863   0.165887664655   0.163905951387   0.164938488259   0.159250459325
0.198861323163   0.163614857355   0.162696369832   0.157108784681   0.158233154852   0.159479438557
0.205596631971   0.179492737866   0.161191761592   0.156070841993   0.144394229499   0.15324524491
0.181734371809   0.182871410665   0.174094179933   0.165770751372   0.162592960391   0.1329332707
0.312075583124   0.151991998745   0.143247617723   0.138324824848   0.128949917765   0.125408689216
0.167754804363   0.167776839212   0.167409326449   0.167929998023   0.170215956336   0.15890272099
0.203869736143   0.177831288923   0.165760840323   0.167172823614   0.155028650092   0.130332089269
0.172761997833   0.169707257311   0.169013403892   0.16843708534   0.168064769948   0.152005434356
0.164456752481   0.165921325169   0.165382786016   0.164552514313   0.167881755318   0.171783423975
0.177779233803   0.170833892386   0.167356889782   0.165484295743   0.166595330832   0.151940363243
0.199929017061   0.182450791627   0.177452461119   0.162655410724   0.142293998901   0.13521557541
0.184910533382   0.177626633978   0.171773351952   0.167966816854   0.164918849672   0.132799437677
0.170717177312   0.163181504867   0.164425461747   0.164587134019   0.167141089201   0.169931932519
0.181659073467   0.171161851045   0.16755274746   0.166903315729   0.168244189376   0.144474767754
0.167711014748   0.171967671815   0.17086584032   0.170416686552   0.169341613094   0.149689207443
0.169091138039   0.170569885143   0.169210628225   0.169536736309   0.173513720677   0.148070599486
0.169358401885   0.167968521058   0.166919934505   0.164153893711   0.16504634213   0.166541926879
0.160919852093   0.163189497985   0.162191495169   0.163793307155   0.169168932918   0.180711649873
0.238729805325   0.172540214077   0.166676593096   0.161303965033   0.133956193221   0.126790707714
0.175017565051   0.171283140139   0.168736754368   0.1675705671   0.168417481258   0.148964859022
0.469104545514   0.108527018832   0.10290410402   0.108989935506   0.101275639826   0.109196110542
0.200560695028   0.15930010587   0.158235469181   0.158199554434   0.137769436405   0.185932857462
0.185453638741   0.165192806533   0.165051891901   0.164971220295   0.165013991857   0.154304343646
0.191565534695   0.180231921655   0.171236931682   0.169561095608   0.149017190826   0.138382414813
0.174646954416   0.17042662732   0.167036007089   0.166887653587   0.168401704733   0.15259223524
0.166781409043   0.164603676977   0.164506892559   0.164278914926   0.166430250767   0.173380687537
0.167320215026   0.167768002227   0.167477101278   0.16749477772   0.170130993896   0.159797592721
0.165352484296   0.165872774412   0.16536517408   0.16629440486   0.169769985359   0.167326711822
0.467733413916   0.151729673757   0.115553943178   0.0967784014017   0.0791171100011   0.0890864634405
0.189506552078   0.162640470049   0.161749552198   0.162702736649   0.161421579987   0.161969700486
0.226036664831   0.167282101377   0.156533745889   0.15209897712   0.1521019101   0.145937188543
0.176184409471   0.165356204116   0.166370538651   0.163667900996   0.161666036452   0.16674167819
0.186111465636   0.178546820533   0.169368770387   0.165087474366   0.156546733437   0.144330954677
0.164801804088   0.165389201125   0.16589314116   0.166754499333   0.168668907819   0.168470740673
0.178196402216   0.174819643274   0.168416209676   0.166424081529   0.161121810987   0.15101084421
0.162785406784   0.163690741005   0.164885012836   0.166581235002   0.171105604914   0.170931235315
0.165545492378   0.168555630198   0.168567621435   0.169189940147   0.172201560861   0.155925540129
0.183435010284   0.172837035838   0.172359748766   0.172153759528   0.165171934859   0.134039572974
0.226266580352   0.171093679494   0.160130516813   0.153335553538   0.144200108631   0.14496363761
0.175961272819   0.161451907687   0.161831247168   0.161778270691   0.160169748917   0.178790559519
0.189753392616   0.180074216264   0.171002325814   0.165451627214   0.154839613242   0.138875743845
0.179358362852   0.167155177931   0.168041265847   0.16611726049   0.168108221496   0.151211701807
0.162944203807   0.16467082954   0.165478498612   0.166253838166   0.171726235547   0.168907938924
0.16160986175   0.164834474322   0.165264808942   0.165641148424   0.167339066367   0.175291125771
0.164368132927   0.166489419042   0.165914249408   0.166352659987   0.170456851854   0.166402890126
0.212794987645   0.205082404757   0.179792505713   0.169843157654   0.121431958215   0.111053644699
0.160100885397   0.167364026253   0.166222714796   0.166212602233   0.1706513698   0.169430482797
0.164948141026   0.167912098771   0.166421684317   0.167187159535   0.169883363289   0.163633463963
0.173132898015   0.19273116742   0.174830763767   0.170916836265   0.158595626612   0.129789479239
0.163333509301   0.16568297495   0.164915543784   0.16486105851   0.169593613499   0.171594683442
0.160185438393   0.167126309436   0.164930534792   0.165473440456   0.167369466582   0.174896073061
0.165241549424   0.169510507321   0.168924768741   0.168332437358   0.172900764066   0.155079388428
0.167167803439   0.169702121152   0.166418681903   0.167093186237   0.166718829775   0.162885413527
0.177910093917   0.187327174152   0.169437995646   0.164631075541   0.158854124669   0.141830988082
0.162217960852   0.165798365624   0.164921174791   0.164597947607   0.166154175672   0.176292555171
0.22051585869   0.220073380674   0.155135061748   0.150112763497   0.129554051188   0.12460626048
0.175775437661   0.177391388436   0.16964147257   0.170090779932   0.167454776909   0.139642102218
0.165964910956   0.170634813301   0.169349965553   0.166932383728   0.165662690973   0.161442281283
0.17030365849   0.173795527269   0.168191561548   0.165738929509   0.168037823787   0.153922686558
0.156713656115   0.163288039963   0.163434378228   0.165070029716   0.168862142424   0.182606334753
0.16460934712   0.168081228038   0.165645404429   0.164778128712   0.164471333401   0.172396980164
0.160751533127   0.164564459753   0.164699061244   0.164560319642   0.167270909671   0.178129447145
0.174818445429   0.175010716333   0.160214776006   0.160762110639   0.154790389586   0.174394855364
0.164987925321   0.166447310065   0.167445624383   0.167923456097   0.171098647078   0.162083145657
0.177251127083   0.181349477737   0.17293002903   0.162522367425   0.158291841205   0.147647936099
0.172901638616   0.177063802675   0.165967723303   0.165084481567   0.160827847826   0.158142408556
0.172442932351   0.180156952178   0.168810881128   0.164564806006   0.158647318436   0.155368328198
0.164184757289   0.167471045621   0.167594005128   0.168331144184   0.17360276203   0.158798803564
0.163794566992   0.173351288471   0.170854801762   0.166408672986   0.161733170992   0.163845519904
0.171271383313   0.177690397018   0.165459309294   0.166887525279   0.165341946749   0.153343345079
0.16819731932   0.173052769749   0.169712107368   0.170886108133   0.171255744655   0.146887566479
0.162776770737   0.16564600138   0.166254068091   0.166345472389   0.169866997836   0.169093456441
0.170109486889   0.172535754949   0.169944967143   0.171738516348   0.162682250468   0.152983440934
0.169991431464   0.169743030134   0.165475610643   0.163780154391   0.166202641531   0.16479057155
0.162738887944   0.165818936073   0.165808705331   0.166661916212   0.168995162139   0.169959458434
0.177837976227   0.214044099103   0.170718509579   0.15113408626   0.143142830843   0.143117485405
0.190562726062   0.18176056115   0.169644298396   0.168532633361   0.15994836226   0.129549546241
0.163075102278   0.164950869201   0.166242497541   0.166495977977   0.171550581508   0.167664740716
0.164270364607   0.168615156964   0.168183322474   0.170225779343   0.172892836981   0.155799260595
0.164055439613   0.167417657676   0.166566481068   0.165839925098   0.167591621771   0.168516861751
0.169229775562   0.172006811817   0.169667703796   0.169795137034   0.171653978939   0.147639017875
0.168729679498   0.175023129675   0.169967190171   0.169717787438   0.164205347757   0.152346530286
0.161098111663   0.164550125109   0.165372001941   0.166246296634   0.172033115273   0.1706738933
0.169434318408   0.171358704927   0.166944279611   0.164941921076   0.164472868782   0.162835168791
0.162286537657   0.174653534942   0.173660880797   0.16663839717   0.166193173431   0.156559662551
0.182080591634   0.185241016045   0.166350317912   0.160591874081   0.149265315709   0.156462063829
0.178146033162   0.183663097426   0.175437302697   0.166747410903   0.16152026051   0.134482751356
0.159198765317   0.202085661682   0.178175030053   0.167283093926   0.152368888962   0.14088492778
0.166611524072   0.168259256701   0.168104137736   0.168484521801   0.170482997117   0.158047184423
0.178556327127   0.182652039198   0.170443881859   0.171827635204   0.158878257964   0.137637016525
0.165835596408   0.170428295707   0.169797621921   0.169375580505   0.170483045311   0.154069280498
0.162684551936   0.16596930472   0.165252189319   0.164949754383   0.167942871695   0.173179375593
0.169087078507   0.171013362464   0.168621151581   0.167490260301   0.168604907278   0.155174403146
0.184178938494   0.188604680145   0.183143162277   0.167011482716   0.14454489416   0.132513884372
0.173934794818   0.178088056734   0.171859873681   0.170571640739   0.167499769013   0.138041089873
0.16319023244   0.166497194767   0.166668343681   0.166362339852   0.169753310802   0.167510691211
0.168146627594   0.175040383514   0.170462877529   0.16876531459   0.168973228208   0.148606003469
0.165617341932   0.170969227386   0.170882400079   0.170495485056   0.169609870957   0.152417307332
0.169091138039   0.170569885143   0.169210628225   0.169536736309   0.173513720677   0.148070599486
0.16551726046   0.168961036689   0.167610012435   0.165171804532   0.165847198822   0.166880771048
0.15831236344   0.16340255258   0.162689677037   0.163742916246   0.169000450857   0.182823987053
0.173409200978   0.186263467113   0.18541751488   0.180720399572   0.145312420415   0.128874213395
0.169208005669   0.172350612983   0.169791828444   0.169044489236   0.169773891061   0.149820881391
0.15931652257   0.176029966233   0.170767763672   0.170841606394   0.169846951892   0.153187339588
0.158257793056   0.200068678954   0.179831327509   0.172948902831   0.143138897732   0.145750224181
0.165648705194   0.16947657456   0.169781418058   0.170190192192   0.171450288621   0.153441228216
0.182742293209   0.180202457226   0.172656687174   0.172064112634   0.153676037321   0.138653504529
0.168723558763   0.171869201129   0.167657574949   0.167209603894   0.169065132345   0.155464543428
0.162523411006   0.165604386909   0.165375635345   0.165706481848   0.167750967157   0.173019767095
0.160703299883   0.167767804185   0.167485264233   0.167436281006   0.170519884342   0.166071758205
0.162722760472   0.166125781267   0.165438737164   0.166008127683   0.169351752374   0.170332448836
0.170973391689   0.238976339374   0.177153433419   0.144969504602   0.139817968725   0.128107608601
0.167065999814   0.168890111408   0.167232827649   0.167641334434   0.167263925517   0.161897196523
0.163792540997   0.181374585916   0.170708586174   0.167761731752   0.163002222995   0.153347193735
0.16349832696   0.169684176299   0.169492722218   0.16724356652   0.163475839946   0.166589361833
0.176605238639   0.178247151773   0.169227018707   0.165966151184   0.158028230091   0.151918946819
0.160826903123   0.165411758205   0.166243058833   0.167006670299   0.169103835241   0.171384038928
0.175374657304   0.175133279164   0.169754557765   0.167580366378   0.161814614626   0.150332047483
0.161610938713   0.164211478854   0.165095965023   0.166989784661   0.171232829238   0.170838399784
0.163782131964   0.168932797408   0.168529049676   0.169024643103   0.172709990315   0.157007427963
0.172471073644   0.17887171555   0.176154384714   0.174918307042   0.163778042417   0.133802607553
0.174045243824   0.183345928681   0.1715680133   0.163940844882   0.151802432612   0.155286946728
0.179253723169   0.18443086491   0.173726264132   0.168729991949   0.155204096797   0.138651523934
0.162584177048   0.166628750037   0.165625885357   0.166021485411   0.16168321308   0.177437613027
0.167364177423   0.169845703524   0.169985598654   0.16962201922   0.172808967618   0.15036403368
0.160800430492   0.165407530721   0.16616425761   0.166810676367   0.172525270427   0.168272114312
0.158244317695   0.16176777165   0.166325671289   0.166781714636   0.169189569654   0.177668911331
0.16243575965   0.16528843607   0.166725555212   0.167188012984   0.170814912311   0.167531411192
0.193297431393   0.188161819767   0.187762683246   0.177078710016   0.133147949864   0.120550018406
0.141961284475   0.148604945217   0.189395392138   0.182018202684   0.172366708285   0.165631313839
0.163101741339   0.166913247201   0.167167069876   0.168342249111   0.170848008653   0.163612812184
0.16625362785   0.177727141787   0.18149894644   0.177203312472   0.163011561597   0.134301750472
0.161481451337   0.165307714446   0.166100100715   0.166474345791   0.171386566129   0.169232959237
0.159265121131   0.166156676081   0.166416685845   0.16607827986   0.167956556088   0.174106779725
0.163253052518   0.168396370976   0.169725462476   0.169591444346   0.1737731892   0.155249872628
0.164004246542   0.166489791504   0.167658407111   0.168113812424   0.167924595146   0.165794226408
0.166266320668   0.172898932715   0.175680322497   0.170653910032   0.164441452156   0.150049798001
0.159999540824   0.16335853885   0.165052159436   0.164963145058   0.166725516642   0.179880456647
0.169675200567   0.174691727507   0.186078045529   0.1798099679   0.154346200342   0.135395748878
0.168767108434   0.171779940411   0.17303304149   0.173084026029   0.170656006926   0.142675737453
0.163502880358   0.167746074672   0.170809023428   0.168200504453   0.166963704154   0.162763100735
0.16518639658   0.168042721069   0.172595226749   0.168537894905   0.168456463944   0.15716920567
0.153444158323   0.161097972543   0.165057930439   0.166680396058   0.172314760866   0.181376137302
0.161743503711   0.164827913934   0.167378755205   0.166843373131   0.166034644282   0.173153628376
0.15973446968   0.163371516918   0.164920559028   0.164920761765   0.167741946077   0.179285367371
0.166494832599   0.167297633068   0.168391625037   0.167460756612   0.162108877263   0.168238405446
0.164297016403   0.16560473733   0.167596431246   0.168182516278   0.171432246733   0.162872579029
0.169582802558   0.171667053333   0.177605512927   0.165211129798   0.160021962435   0.155901827554
0.165339265946   0.168673528698   0.171693578389   0.170585445705   0.164858015265   0.158837566878
0.161519113681   0.169601143446   0.174539801698   0.169136813272   0.161542808893   0.163649187389
0.163256519592   0.167399694831   0.168298509959   0.169023740929   0.174093222938   0.157911536482
0.16009209042   0.167007910684   0.170991524794   0.166328847188   0.160664489725   0.174901905237
0.165219650958   0.16953805021   0.173895723179   0.172337692149   0.171428480645   0.147571934278
0.16590726168   0.17017004303   0.170861965153   0.17210365642   0.171576849289   0.149370909373
0.161303626135   0.164562768893   0.166314489463   0.166543831627   0.170023238979   0.171233175126
0.167222237246   0.169864186432   0.17161148332   0.172927681859   0.164339612071   0.154028833151
0.166706595981   0.166834035208   0.167674351113   0.166317386793   0.167877340177   0.164572366249
0.16119722943   0.164255638488   0.165798285367   0.166420492536   0.169795110567   0.172514753692
0.167892915836   0.181977666144   0.18323166132   0.164293493227   0.152147376258   0.150452055596
0.17526751777   0.170972826026   0.178706741023   0.174939958907   0.16348973295   0.136620685087
0.162261659376   0.164222637038   0.166322924568   0.166692912088   0.171928542525   0.168550478703
0.164661384547   0.167568403713   0.168777326276   0.170305481854   0.172759012333   0.155914302838
0.162123872696   0.165228142351   0.167869322558   0.166672152142   0.169240900894   0.168851721287
0.16745979283   0.170230083988   0.170193446207   0.170612419208   0.172538224683   0.148958076829
0.165537752804   0.172161944883   0.171546075183   0.171317049582   0.16496269005   0.154464050351
0.160857056731   0.164079437748   0.165477455317   0.166655850403   0.17260409642   0.170299861418
0.162429772027   0.164973388376   0.167954003857   0.165914631687   0.164711214266   0.174002367603
0.162460634774   0.171759055303   0.173946306018   0.167093980581   0.166795348502   0.157936553914
0.168630028295   0.167185237413   0.170097549397   0.164185215737   0.15043365199   0.179459080315
0.165039681916   0.170304655477   0.187181785142   0.171168145731   0.164022906028   0.142277584261
0.15769571329   0.184007794206   0.182527035256   0.172114866172   0.159217291674   0.14443408299
0.165331190457   0.166885908331   0.168763687641   0.169086345591   0.170549029369   0.159372232652
0.165111234728   0.167948806599   0.181760458411   0.181321109756   0.160133951756   0.143717106427
0.164897768077   0.16893821888   0.170284007152   0.169680568669   0.170542113064   0.155646423322
0.161100427919   0.16366080165   0.166010648886   0.16584400662   0.168217258808   0.175144947666
0.162948637773   0.166825352399   0.171039731912   0.169257385853   0.169661458489   0.160255413262
0.181821508299   0.184237482083   0.182159749172   0.167394777675   0.147504341459   0.136879326829
0.167428233262   0.170323291712   0.174906467754   0.172464016459   0.168286522603   0.146585542119
0.1626790163   0.165824009664   0.167123147939   0.166875937432   0.170601247853   0.166879270796
0.165638331198   0.171852887559   0.17221296849   0.169578128656   0.17080923058   0.149902759985
0.157805442583   0.161921344381   0.175883669975   0.174710279438   0.173324578498   0.156343036007
0.168462150895   0.169653115801   0.16938797481   0.169725508593   0.173915467244   0.148848165668
0.163135765   0.166449544759   0.169652454126   0.166789257727   0.166569768285   0.167390539938
0.157853289765   0.162237471699   0.163646884148   0.164271767321   0.169267923202   0.182694449809
0.171031584636   0.183118511989   0.187722689044   0.18303034768   0.145065697717   0.130028176984
0.167415065667   0.17090943077   0.170725836976   0.169850498076   0.169941825473   0.151146424365
0.158051909378   0.17274658464   0.172013988705   0.172682253431   0.171725273811   0.152770620797
0.154420814975   0.182786376345   0.186184468632   0.179002464297   0.150599753726   0.147001889938
0.165556242578   0.169579825991   0.169808372436   0.170182085181   0.171467472942   0.153394404441
0.175592216394   0.17480271398   0.175558118122   0.175173954657   0.155859835696   0.143007809854
0.165974639856   0.168344719918   0.169484694105   0.169229610452   0.171881723629   0.155073118369
0.161973654435   0.164736829769   0.165492160047   0.166109185115   0.168143112568   0.173526005843
0.161226988211   0.166547323152   0.167500330382   0.167399269083   0.170795313548   0.166514804512
0.159991589672   0.163217725014   0.165264148058   0.165654022595   0.169612098202   0.176237753292
0.155147477463   0.180545678804   0.216251192365   0.161330247227   0.154999833576   0.131722435513
0.164449265127   0.166056118137   0.168911717445   0.169027605887   0.168794135378   0.162750676265
0.160202225104   0.173006367752   0.173150613249   0.169921127769   0.166328221836   0.15737709616
0.159215799318   0.16400889354   0.170593950085   0.168863411908   0.162343035058   0.174957917519
0.166517337907   0.168969131382   0.174529588398   0.169735216375   0.163125776983   0.157113819434
0.159734996567   0.164114774309   0.166382283329   0.167166446059   0.16961494034   0.172962458838
0.171941259328   0.171640530497   0.171415699809   0.169291112395   0.163125036793   0.152574895586
0.160862586639   0.163747735679   0.165318154753   0.167151788654   0.171376539273   0.171521250822
0.162498766117   0.167391544694   0.16826095114   0.169136237848   0.172463121764   0.160234982241
0.166638345735   0.172936026251   0.180636562929   0.178803337503   0.164597257132   0.136383888462
0.163012202632   0.171071484249   0.179594245628   0.170822182602   0.15512947322   0.160356507533
0.175750859769   0.179432002131   0.174885093008   0.170547104258   0.158208713479   0.141173143679
0.160697361857   0.163641617022   0.166440879847   0.166652090309   0.162461716636   0.180087012138
0.166454035453   0.168954979267   0.1706477428   0.169841686945   0.173145635117   0.150945938391
0.160104711755   0.164666397031   0.165997328722   0.166643233918   0.17213852098   0.170428383739
0.157381347017   0.160987424437   0.165255279946   0.166791069852   0.170049232819   0.179513039711
0.162917012593   0.164962481191   0.16643335418   0.168056656618   0.171129722162   0.166484271102
0.178213142012   0.176370631675   0.179150409203   0.208703698151   0.131893646914   0.125666041714
0.143484558657   0.150311253525   0.183112404966   0.180043727156   0.173104530391   0.169918686345
0.161778007223   0.165739638022   0.166067927281   0.168717075764   0.171936849867   0.165743541149
0.167524426469   0.176752671484   0.179017111325   0.177552131007   0.165386826125   0.133763314716
0.161112780454   0.165555645334   0.166546693254   0.168071687648   0.172797412914   0.165900021608
0.15865272191   0.165918895817   0.166226356738   0.166758776924   0.168275833362   0.174146066187
0.163111560218   0.168198117076   0.168976021061   0.170008105564   0.174384939094   0.155310918609
0.162853930536   0.165666986023   0.166874451283   0.169148658416   0.16896622407   0.166473654472
0.163741490377   0.171057396714   0.172873226138   0.173753664807   0.168710371877   0.149853880398
0.158890845793   0.161823095812   0.16382588847   0.165759705721   0.167724424123   0.181953495932
0.166630319501   0.17110188067   0.180585021615   0.185160118393   0.157003158981   0.139515916346
0.168319254149   0.170746834885   0.172188254757   0.174981851579   0.171050817916   0.142707928887
0.162134411154   0.166459284768   0.169231084177   0.170028596938   0.168168947184   0.163962899553
0.163476228596   0.167212542654   0.170186180419   0.170809454963   0.17144759018   0.156856036951
0.152674730178   0.161027502698   0.16444757669   0.167118748421   0.173197471791   0.181504615636
0.159952087192   0.163221738191   0.166279681718   0.167984792698   0.167674449439   0.174868326675
0.159601113472   0.162861252266   0.164508078185   0.165783710937   0.168770396881   0.178450289009
0.164963834978   0.165419553174   0.166114480049   0.167965917723   0.163354123612   0.17217398639
0.164556742459   0.165725607402   0.167801049648   0.168601802324   0.171770369099   0.161530351735
0.164021397681   0.165756370138   0.170758287944   0.173003212042   0.166448413258   0.160001837626
0.164354833839   0.167404386209   0.170044271316   0.171743320477   0.165491452844   0.160948257043
0.152126925572   0.158238162466   0.163539584656   0.179473467826   0.164516664972   0.182090219005
0.163060143151   0.167250654758   0.168215610006   0.169227149679   0.17416567608   0.15806384351
0.161152927199   0.164098334706   0.167566683969   0.16829646362   0.162974748235   0.175898896905
0.163183058143   0.167953743399   0.170246882171   0.173013282795   0.172097053684   0.153497052044
0.166733367436   0.169168441489   0.170118880879   0.172744868959   0.171297461425   0.149926849406
0.161550501518   0.164319233562   0.165872797284   0.166744906689   0.170406646012   0.171087666183
0.167092085542   0.169502989574   0.171175342342   0.173283482109   0.165068609218   0.153871298561
0.164413177347   0.16462304895   0.166039768557   0.168335604107   0.169643770473   0.166926013545
0.160916843282   0.163871265204   0.165677462349   0.166839414019   0.169988526847   0.172687134149
0.164437068795   0.172542549151   0.172023091363   0.175507721995   0.166475813041   0.149007733138
0.172676358544   0.168444020937   0.174467236069   0.179567642708   0.163651551262   0.141190022612
0.161785046984   0.163604076774   0.165909754654   0.167060315808   0.172034780454   0.169583916896
0.162969506523   0.166265445337   0.167929416774   0.171062340201   0.17489800606   0.156858321736
0.163305662445   0.165902625135   0.167846019616   0.167897589537   0.170532016552   0.164503427011
0.167305135435   0.170097772856   0.170216001168   0.171022455772   0.172773691873   0.148577047258
0.16361852655   0.17000445351   0.169821101994   0.172550759227   0.166320040488   0.157673235525
0.16062074838   0.163815638966   0.16531924317   0.166969845887   0.173037848653   0.170210098873
0.161181552821   0.164078290278   0.16673724179   0.16771868799   0.166312487666   0.173955445149
0.161215511614   0.16961802473   0.170837781419   0.171448569601   0.170576498798   0.156295241186
0.162097320351   0.159307271744   0.163775015533   0.172387148133   0.154196815661   0.188224784942
0.158242593764   0.164807692939   0.17294878887   0.182848880349   0.170927740358   0.150216576464
0.156467540603   0.178225970245   0.176997828447   0.179181346075   0.163181659784   0.145941703187
0.164642505346   0.16657641962   0.168132587913   0.169511896714   0.171211597398   0.159911998694
0.163601970129   0.165817550241   0.179674893559   0.183829549307   0.160611057938   0.146456981262
0.163135704721   0.167512536879   0.169089310984   0.170301716522   0.171949383698   0.15799962298
0.160482787972   0.163383205782   0.165563708431   0.166215863439   0.169048988376   0.175282449795
0.161353942598   0.165495117019   0.169250541394   0.171701070173   0.172292218146   0.159893768558
0.16901403204   0.170279244148   0.168521034999   0.198105540959   0.156914944219   0.137160500049
0.166773186597   0.168317147874   0.171607121246   0.17341642836   0.16944531374   0.150434125086
0.161933842137   0.164734140105   0.166051530675   0.167459234591   0.17152042854   0.168282438396
0.164916417799   0.170284077993   0.17105546086   0.171134711072   0.172743393293   0.149860260008
0.15793466888   0.161637313383   0.174526554437   0.174775283709   0.173565861828   0.157548460423
0.167457873695   0.169378260718   0.169131052183   0.170095089368   0.174450822301   0.149478851384
0.160829058207   0.164692086122   0.167358581872   0.169797588134   0.168595426899   0.168714044879
0.157756292062   0.16177677058   0.163338551696   0.164573964183   0.169439201815   0.183086686598
0.168248028568   0.180392208847   0.184291795663   0.190548953664   0.145839045406   0.130676466495
0.165363411957   0.168582627875   0.168870364676   0.172028544811   0.170946593938   0.154195672194
0.158124902788   0.172618873008   0.172055318901   0.172881752748   0.171582900059   0.152726971434
0.152833316833   0.1766746674   0.180426035447   0.189820275231   0.155294972559   0.144945742466
0.165562156848   0.169464878269   0.169799883258   0.170262284533   0.171521771124   0.153377378384
0.175996812345   0.174580670244   0.174873929303   0.17573338481   0.155803762963   0.143005945331
0.164766850187   0.166700071482   0.168048081476   0.169899857409   0.17132954187   0.15924336269
0.161516648916   0.164135894764   0.16514596071   0.166494789339   0.168426358834   0.174261000829
0.1605436885   0.165386330789   0.166298309858   0.168622950719   0.171854375694   0.167276907632
0.158788032864   0.161764538763   0.163981405776   0.166108240513   0.170007322194   0.179325874705
0.158027210968   0.16463627608   0.174046853715   0.196115873048   0.171703457078   0.135463634677
0.163334803672   0.165563304141   0.167284895893   0.169817475682   0.169313185114   0.164674864959
0.159681479672   0.17051799717   0.170556901936   0.170639167571   0.167696959515   0.160892388095
0.157353749174   0.162383488902   0.169000076927   0.170775958976   0.164319571891   0.176148344393
0.160780212178   0.163542170278   0.168877871363   0.176771215192   0.168170305059   0.161845912286
0.158212520144   0.163535530868   0.165987759551   0.167818043648   0.169989634387   0.174431599993
0.170939718043   0.170259020714   0.170009709347   0.170608789812   0.164608380597   0.153562327221
0.160291482505   0.1633121278   0.164764950253   0.166809804488   0.171195026527   0.173603468322
0.161646955782   0.166916579733   0.167847600721   0.169969263178   0.173217961696   0.160386138293
0.166313484713   0.172475368164   0.179144119476   0.179387238591   0.165445903946   0.13722943456
0.156012726239   0.165443422869   0.170289818822   0.178870144666   0.15972185367   0.16964531453
0.170991470731   0.176630858815   0.172094498874   0.176046680631   0.162369827983   0.141863203677
0.15965256751   0.16234126134   0.165133555582   0.167597943139   0.163507278749   0.181747553218
0.165450279411   0.169018765841   0.169558591257   0.171007366359   0.174923016443   0.150031769952
0.160292278674   0.164807363453   0.166015136636   0.167194644293   0.172567065331   0.169103016877
0.154308063513   0.15765253756   0.162818702791   0.164474473792   0.173547941691   0.187171233548
0.161333983442   0.163929178642   0.165388084654   0.166909838724   0.172116861793   0.170304424078
0.161946132423   0.165587022705   0.16751097973   0.168894685162   0.183293029743   0.152759242567
0.149655277207   0.155617895569   0.17299669341   0.172397365451   0.173042276763   0.176264326814
0.160492305572   0.164553118221   0.165372106634   0.167699904425   0.173912878301   0.167950446659
0.16449865643   0.169887453876   0.170837814717   0.17071732255   0.179888202365   0.144164933439
0.160227203225   0.164515650384   0.166001748657   0.167553156355   0.173516737837   0.168168113295
0.160925965915   0.166997964399   0.166918945796   0.167289361706   0.172910428635   0.164940501418
0.161429919169   0.167358408634   0.168365986529   0.169395827554   0.175593189751   0.157845156674
0.161577824662   0.163797709114   0.165505659776   0.167730089445   0.172757316759   0.168611529374
0.161619905393   0.167463586934   0.167717858157   0.169396180196   0.177091286598   0.156697856141
0.156963704461   0.16076909007   0.162781459823   0.164864062371   0.169855321118   0.184738949531
0.161244053035   0.166678049484   0.170768599659   0.173230330742   0.186144597745   0.14192784546
0.163693541784   0.167275694336   0.168888738168   0.169138848201   0.181520377702   0.149473177065
0.161037074804   0.164238189546   0.166720979569   0.167722529464   0.173982706989   0.166280265527
0.163332790463   0.166073306086   0.168434382863   0.170222155321   0.175219678155   0.156705028109
0.151609319638   0.161148654545   0.164073567664   0.16709890042   0.175070269028   0.180969550535
0.158182339595   0.162253026465   0.164679970537   0.166442002631   0.171971535321   0.17644809955
0.158880344079   0.162167857354   0.163505063979   0.165534220925   0.172156087082   0.177730099029
0.158964926102   0.161522902328   0.162952747468   0.16526822989   0.175426676206   0.17585006239
0.164157291655   0.165949292156   0.167802537217   0.168565338657   0.172715794201   0.160796162831
0.160383158701   0.162216238885   0.166062438854   0.167855737928   0.177758276398   0.165708790796
0.161866681577   0.164625766927   0.165255981882   0.167023043144   0.171585692709   0.169624162809
0.154671370524   0.159375172903   0.161433588673   0.168471161285   0.175315231874   0.180710808351
0.162561094691   0.166661793005   0.167629231632   0.168784954797   0.174087142072   0.160258733213
0.158686783131   0.161738518711   0.164866432758   0.166600479443   0.172643327185   0.175446695507
0.1618969845   0.166421832056   0.169109206768   0.171529624078   0.175360022704   0.155672083276
0.16472368712   0.166855540831   0.167549374652   0.169339101693   0.175641109893   0.15587890057
0.160446640692   0.162637841581   0.16425677499   0.165464928335   0.170709580656   0.176463554789
0.161519064803   0.162122328859   0.164184048191   0.165164926803   0.181518751037   0.165477338172
0.161989969319   0.16277652964   0.16480220358   0.166850208427   0.173302560621   0.17025605629
0.158970490069   0.163615366956   0.165443928874   0.166597948989   0.172768341383   0.172583002182
0.161819224432   0.165237950131   0.165472845395   0.170489948188   0.181019095994   0.155949970716
0.165356483755   0.166288058954   0.167751410592   0.169616187917   0.181184972554   0.14979291193
0.161408548135   0.162678019522   0.164778138957   0.165906905401   0.171828266059   0.173376478403
0.159853501   0.163562999221   0.165732729447   0.169199372674   0.179327833027   0.162300516474
0.161628682331   0.165053190853   0.166890638355   0.167114019004   0.171640735585   0.167656666771
0.163896567683   0.167055696922   0.167349847633   0.169488528516   0.174721756514   0.157477762056
0.158262701753   0.162546870854   0.163355307931   0.164793053485   0.178368921017   0.17265228838
0.16075452173   0.163538643425   0.164694238922   0.166574726588   0.172854238448   0.17155844343
0.158874581733   0.16086731072   0.164084412557   0.164726972416   0.169117025782   0.182307924792
0.159423650877   0.165771165969   0.167516105201   0.169212897438   0.176673795183   0.16138858531
0.157480385464   0.15705938907   0.160902567267   0.163935378696   0.169972056759   0.190631607832
0.159265514848   0.163896323899   0.169768067598   0.17401587106   0.180322959483   0.152721788931
0.152123954482   0.163540850419   0.16586361771   0.167903859025   0.188163820262   0.162394196676
0.163833426258   0.165550604644   0.16665879552   0.167791717688   0.173606899492   0.162543367781
0.15788866155   0.156534978269   0.16417311019   0.166138359165   0.180718127145   0.174528685445
0.162242494113   0.164055035119   0.166865628784   0.167851145756   0.174176010366   0.164792399301
0.159016748219   0.162296317901   0.164002032066   0.165150257677   0.171749158109   0.17775924169
0.158795479724   0.163142488508   0.165445438469   0.167234188833   0.176319129396   0.169044232958
0.158383449136   0.160723832702   0.161852800838   0.17009067607   0.189773224984   0.159164564486
0.163194655461   0.165178507345   0.168195916532   0.168823866862   0.176223726793   0.158372836042
0.160168866346   0.162959458344   0.164409894065   0.166019065436   0.172569566822   0.173849070287
0.164416460049   0.168724303766   0.16895615652   0.169144955955   0.175012241369   0.153737578052
0.157854055659   0.162019931906   0.171007642942   0.170747801367   0.176480974121   0.161875988423
0.164136143428   0.167367279516   0.167619299068   0.169078107119   0.176750396615   0.155037158012
0.159140531239   0.163711871283   0.165539175026   0.167431901848   0.173401570639   0.170758531343
0.156184563319   0.160196628997   0.161818077784   0.162952848525   0.169937050269   0.188878457374
0.159090961332   0.165001578716   0.16861145423   0.169736653947   0.186012106446   0.151536533742
0.159056693416   0.162319652495   0.163412847182   0.166004690517   0.181528865932   0.167655593492
0.160523367591   0.169011057058   0.167969465878   0.168991251773   0.176514101084   0.156978178186
0.160280565114   0.167691798872   0.169319348242   0.172144165864   0.183143138405   0.147413024425
0.164384435885   0.168792621403   0.168797713736   0.169129073267   0.17335531232   0.155528536119
0.165235607141   0.168364372577   0.167321862076   0.168199947009   0.177837585164   0.153029502809
0.162418892904   0.163961723134   0.16568117268   0.167553499866   0.174661993788   0.16570619773
0.16009840044   0.16225618379   0.163681933542   0.165139926312   0.171270193567   0.177530697242
0.160383303551   0.164978945928   0.166203642017   0.16816340535   0.172700885555   0.167553042542
0.157200710403   0.160681080206   0.163024005554   0.16505552595   0.17219517802   0.181816285851
0.158884571296   0.163116590279   0.168023513478   0.174028082967   0.18650161076   0.149435635945
0.160751880398   0.162739861339   0.164478037766   0.167371902636   0.173041638346   0.171601044176
0.158951378705   0.166170301194   0.167007633868   0.168173002342   0.173685272057   0.165995304257
0.155697168793   0.160444868846   0.164957641839   0.166739946581   0.171360997481   0.18077708088
0.155811952724   0.160532648237   0.164034195887   0.168542715084   0.181175056983   0.169883880431
0.157758130672   0.16125017379   0.164011233308   0.165767465696   0.171496483398   0.179690884211
0.164253144359   0.167629239099   0.167616659947   0.168479843763   0.174913082561   0.157093207947
0.158544313086   0.162264115833   0.163529247962   0.165663633987   0.171928698899   0.178043722548
0.160697837568   0.166364586516   0.167113748729   0.16907497038   0.174636275171   0.162096085868
0.163026299708   0.167349159109   0.16920998314   0.169155295436   0.183461191615   0.147788658606
0.157321439142   0.161409367074   0.164278238784   0.166748541246   0.176483536828   0.173738381826
0.159314025185   0.164397011004   0.164470478885   0.164848142392   0.187371362178   0.159589713003
0.154250104846   0.156628712953   0.160522268656   0.162910614523   0.179839579685   0.185822015767
0.164809710134   0.168517610136   0.168959843566   0.170061388114   0.175360469631   0.152279668972
0.160282650636   0.164186377529   0.165479879026   0.166750983916   0.172743617351   0.170536671734
0.156909455748   0.15942207127   0.16125101438   0.1616609217   0.165967252752   0.194760043084
0.161217249457   0.159526895555   0.162677196203   0.164131618467   0.170428510956   0.181995668101
0.150254810244   0.152418205222   0.154291054671   0.155790057734   0.163840227436   0.22334793542
0.139785531912   0.132734247778   0.136549582086   0.140294145998   0.138730855676   0.31184841036
0.15318751538   0.160522276683   0.16271902442   0.163230392998   0.166002398662   0.194324987166
0.153793612874   0.154708960463   0.159759098881   0.160724724425   0.168253747666   0.202721073906
0.154772948019   0.158437776464   0.161083842802   0.162897664587   0.169177416801   0.19359721799
0.152904523593   0.157109430554   0.15897713151   0.16030761809   0.167360617642   0.203300037928
0.151468660144   0.1557692458   0.157954323979   0.159881842466   0.169291368799   0.205590683221
0.15283100983   0.15625937708   0.160891273666   0.164658198237   0.171900281815   0.193428996608
0.15349318044   0.157181506245   0.158752349523   0.160801099164   0.168037114614   0.201702100346
0.155381105248   0.15938499756   0.161139645417   0.161994546574   0.169311496782   0.192756057586
0.161371807457   0.163218509772   0.165518258596   0.166659537564   0.172892353891   0.170318196963
0.162374798772   0.160097642471   0.162564742724   0.163792087697   0.167127836162   0.184018895926
0.148267654005   0.153160159732   0.155512964602   0.157653203865   0.167726471867   0.217621304729
0.148520915272   0.146591080177   0.154657923366   0.156126532199   0.162377996789   0.231671235163
0.157771378721   0.159713630682   0.161766822022   0.16299364288   0.168152934409   0.189580077208
0.154147655431   0.157648304777   0.159279621999   0.160865367114   0.168334911812   0.199681604438
0.157023472724   0.161159562465   0.163897947601   0.164923601795   0.169922254364   0.183051104234
0.155949645237   0.154971994844   0.156965871983   0.158158658217   0.162755903575   0.21115150586
0.151384632815   0.153786430983   0.155566831978   0.159684392154   0.167260630734   0.212266193654
0.159320115009   0.159615515143   0.161870790717   0.162772630966   0.169557212664   0.18682992836
0.156118879415   0.160871340227   0.163589046207   0.164403537943   0.170822704282   0.184166228559
0.154118429206   0.15580428355   0.159370880249   0.161084046483   0.16662646805   0.202958997716
0.158974223784   0.161338559369   0.162658553907   0.163202814326   0.169345275224   0.184452710273
0.154325242936   0.15500379989   0.157764414873   0.162755782496   0.17142097944   0.198692110072
0.149906167371   0.151640643941   0.155940321143   0.157776839035   0.1641554352   0.220531588272
0.151770201933   0.157415441595   0.1601741233   0.162074216609   0.170502783794   0.198015975148
0.158450530612   0.161770541285   0.162572004582   0.163367302497   0.16907043816   0.184741660809
0.15362404409   0.15736626146   0.15906264284   0.160638499294   0.169015649476   0.200251612404
0.15250810445   0.15753247677   0.159257625066   0.161574744623   0.168528987809   0.20050025579
0.145560298421   0.148492275359   0.153419948833   0.156526574494   0.165884660349   0.230063673079
0.146135958996   0.150382374495   0.15316519347   0.154991322744   0.16424976126   0.231003153982
0.144868775596   0.140224363262   0.141909351269   0.143496624971   0.145542078865   0.283927971172
0.15775691096   0.160194469825   0.161878918997   0.163209465208   0.170074378587   0.186857037646
0.156483515278   0.161489328174   0.164818659724   0.166664407632   0.171150366406   0.179372768741
0.155758244316   0.157904220946   0.160394041043   0.161583659517   0.167621665326   0.196707791252
0.158581938982   0.161201025305   0.163011725879   0.163987269898   0.170202544591   0.182988202249
0.156172551788   0.158588451981   0.160405835025   0.161676079245   0.167112830037   0.196018074724
0.148977632193   0.151069470985   0.153904702811   0.155875147185   0.163151299265   0.22696539321
0.141911010087   0.144059433016   0.146721845644   0.148441335015   0.152188570884   0.266651926879
0.148025655325   0.152475775452   0.155614334673   0.156481989192   0.163739789502   0.223606977393
0.15219561676   0.155377827826   0.15841709915   0.160257215969   0.167834924502   0.205873634644
0.154618894102   0.158746877899   0.159877025838   0.161566047521   0.167872053925   0.197284786533
0.154970885468   0.158068964881   0.161778458777   0.163946081834   0.170402708088   0.190802518594
0.155793610015   0.160176485405   0.1621683965   0.162133495559   0.169203701995   0.190499246032
0.155667481314   0.159713751512   0.16118088448   0.162790333886   0.170016485797   0.190596522978
0.150930794486   0.150694115127   0.154579171316   0.155405732606   0.16354846873   0.2247795088
0.15304642983   0.158753404739   0.160075313473   0.159992884935   0.168725048684   0.199379779876
0.156244038241   0.155934128248   0.160241116297   0.160622322862   0.162849277347   0.20408343827
0.161431368668   0.160692929708   0.161844923225   0.163512718335   0.169419882725   0.183078746747
0.153910587393   0.156560066228   0.158698903159   0.159888945499   0.165770216581   0.205134986061
0.160157417261   0.163505399254   0.164227863519   0.166406136327   0.170317004524   0.175371036929
0.148569720879   0.153987486412   0.15562042076   0.157566667424   0.163935628879   0.220274516449
0.158829157361   0.155432791535   0.157020907525   0.159223870622   0.163393327268   0.206071086185
0.157532746927   0.161095100499   0.164980643654   0.165699362887   0.164510651234   0.186168073327
0.147822254681   0.152238550266   0.154923433977   0.156287560609   0.163840586855   0.224833807557
0.156116074027   0.15326388146   0.156649326575   0.158073091316   0.160489177698   0.21537915216
0.154060443199   0.151192605243   0.152830956199   0.156224500293   0.162079606694   0.223575254913
0.157747189948   0.162806029831   0.164716584351   0.165310494742   0.172222115564   0.177174209956
0.137657486503   0.14406627661   0.148104886597   0.147316963513   0.145850972186   0.276954787481
0.156343340446   0.155338870694   0.15828490963   0.162541327921   0.165170246328   0.202293166592
0.157988610006   0.163936691127   0.16607322979   0.167719647383   0.172545142919   0.171719308606
0.157621056049   0.160820100222   0.163233604463   0.16552026484   0.169429459109   0.183349789063
0.150865968742   0.152572591424   0.155610593063   0.157669522479   0.164292928588   0.218943243616
0.156646133213   0.159635429389   0.162466529111   0.164430439035   0.170180913084   0.186616138146
0.147368491295   0.145583783237   0.148731920368   0.149637319893   0.155850134877   0.252782731286
0.163589219721   0.164191013271   0.166472549706   0.166993249116   0.170048704105   0.168686304482
0.155023378513   0.157144428614   0.159636734866   0.162299259192   0.163279903768   0.202596234635
0.163489250525   0.162047433793   0.162132676114   0.166271733706   0.171498447941   0.174538783526
0.155257031247   0.155652196844   0.159643640538   0.160637078497   0.168290643108   0.200489769203
0.157884408405   0.159016299066   0.160981228248   0.162629244608   0.165565544811   0.19390603059
0.152187132706   0.159234642391   0.160683384688   0.159005016436   0.164154602182   0.204715259524
0.153102561502   0.156891912807   0.157537549045   0.157686794692   0.164387209822   0.210367894508
0.156533365891   0.156192844294   0.160485142111   0.161642406168   0.1665217406   0.198598554095
0.151995501463   0.151297560727   0.155382910833   0.15927753598   0.161313220952   0.22070188108
0.141132196796   0.144579108476   0.146564042765   0.148249359578   0.158190829675   0.261186731553
0.159754939844   0.158554994222   0.15971159476   0.16175399373   0.170645519737   0.189548668401
0.164347908086   0.162662305355   0.163391390299   0.164490927296   0.167408602422   0.177682951311
0.155142933472   0.155119140587   0.159423200751   0.161198431459   0.167268024081   0.201814364162
0.160998236149   0.162564619401   0.163408379183   0.164431789147   0.168764083668   0.17981268222
0.163389274502   0.153613933814   0.158538707322   0.157458854388   0.151993341987   0.214992711139
0.154368853902   0.158629807594   0.161040207527   0.162667852544   0.168893280884   0.194363750114
0.155937345412   0.15942934538   0.162536168155   0.164314452898   0.168257832048   0.189490609552
0.154995085279   0.154782435342   0.158079555728   0.159563049722   0.163614469682   0.208932024681
0.159598297685   0.160291687826   0.159953716362   0.161412510993   0.171785742209   0.186931513407
0.145964805854   0.149737649367   0.152258718912   0.154266729239   0.163525008658   0.234179073183
0.158276232359   0.158623472847   0.161172597874   0.161459912794   0.167521885186   0.192913424462
0.158386686043   0.158288360065   0.16091818127   0.162578353531   0.167928956458   0.191870179465
0.151607994346   0.149467712731   0.155540263808   0.157660077407   0.162589872993   0.223097712224
0.157618182379   0.16039104458   0.162250182769   0.16320824303   0.170578589203   0.185926097585
0.153735932155   0.156863533516   0.16018242882   0.161109244878   0.166572651141   0.201509734093
0.156652969531   0.160141494127   0.162848774658   0.164130710438   0.17003227437   0.18616402842
0.15417164438   0.157059554753   0.160180319063   0.16218704865   0.167581936668   0.198786427413
0.157024356139   0.160775755798   0.164510337694   0.165191727652   0.169603642004   0.182868169022
0.147301226977   0.148881366143   0.151502881339   0.155513715539   0.174600644221   0.222149096204
0.105608642811   0.106297213983   0.129087573087   0.150909998377   0.132248086847   0.375796676609
0.154352601328   0.154280488542   0.158089850894   0.159901494013   0.167422455619   0.205913198502
0.144515886744   0.150385379362   0.152090464031   0.153532281807   0.161254712074   0.238145475645
0.141871772614   0.144419919184   0.149201457148   0.15149998279   0.157966479125   0.25494632896
0.146395327714   0.147404830624   0.151456552647   0.153322816582   0.160252718574   0.241107094985
0.152826673203   0.154285537893   0.157135367289   0.160786806235   0.166115467395   0.208825154695
0.15204812121   0.148765108907   0.152614753721   0.154001164362   0.156038112713   0.236511367182
0.159089343304   0.163348558318   0.16442956884   0.165640799245   0.171715072468   0.17575109601
0.149220134451   0.152957504768   0.155765554567   0.157725029602   0.166516132679   0.217758633869
0.15948286339   0.161276386417   0.163181819926   0.164819457785   0.171433768929   0.179779789067
0.155564227123   0.157890661685   0.161161085571   0.162249170111   0.168148962188   0.194949268431
0.155543946542   0.159753713212   0.161565893151   0.163297343859   0.170934513796   0.188868558791
0.159346200279   0.163891321311   0.163513128591   0.164081917052   0.170881928573   0.178263493938
0.150557461775   0.149595037455   0.153305592248   0.155070299393   0.15972361089   0.231701556956
0.153689487299   0.154497164975   0.157152797862   0.160042279964   0.162927369302   0.211664936318
0.155291220041   0.158642153483   0.161074093525   0.162316722444   0.169789739847   0.192854970648
0.154282411088   0.158204561229   0.160151994011   0.16301720944   0.167308325002   0.196999180803
0.147656102869   0.151550386282   0.156809019963   0.157557527414   0.165310418508   0.221065950096
0.156709347632   0.159243206354   0.161508614198   0.163489593461   0.168799038279   0.190223442524
0.152360804533   0.154400821905   0.15879694396   0.157957747637   0.166224805792   0.210223669964
0.158603648429   0.163322317913   0.164929124378   0.164887998833   0.170031189388   0.178207422376
0.157419560425   0.161464281629   0.162916281037   0.164277733444   0.170382493573   0.183517672149
0.153641861191   0.158634784406   0.161118699054   0.162031958211   0.167733076998   0.196810959262
0.15761477838   0.159808298156   0.161807995161   0.163186068663   0.17100005191   0.186554275267
0.143163454927   0.143303069516   0.148419628577   0.148469554856   0.150894048333   0.265725349009
0.155996602708   0.158971029419   0.162716954065   0.163682030316   0.169027847207   0.189578442281
0.1578782475   0.159376225084   0.162268723094   0.163055317575   0.168556973058   0.188838973477
0.160560541592   0.166773799876   0.166712835017   0.169555673775   0.172791530579   0.16359002904
0.153315778714   0.157869279828   0.160366528694   0.162312524028   0.169333312181   0.196763933606
0.153547016635   0.157044817786   0.160978442911   0.161718136214   0.168988028941   0.197694395107
0.153505690216   0.156936045233   0.159999212818   0.161602686002   0.169875774591   0.198042620902
0.150132541827   0.154320116676   0.156526734205   0.157027137121   0.161708032305   0.220262357363
0.159668878247   0.164428213869   0.165254064735   0.165866139965   0.172133016871   0.172630630333
0.155722701482   0.160306284446   0.161568494749   0.162373573954   0.167967529758   0.192023234543
0.156449893382   0.15754767959   0.160687273158   0.161614251032   0.167961225288   0.195705404882
0.160062287837   0.160794369229   0.161771383098   0.163678891259   0.16762363681   0.186041245901
0.153246824178   0.158639835419   0.16044906642   0.164110466787   0.172970329553   0.190544729366
0.139846550884   0.153118686843   0.155076779408   0.156635921006   0.1598492429   0.235453140382
0.153249549505   0.155751366025   0.159772480938   0.160776514981   0.167035684005   0.203381248689
0.151463768303   0.153127091544   0.155703781771   0.158653360742   0.164764476528   0.21624623146
0.156948140905   0.158432684272   0.160664154493   0.163387540255   0.169436193305   0.191099147618
0.153934507078   0.156102279693   0.158423938329   0.1612659777   0.168070168299   0.202165843693
0.158235710412   0.160774619706   0.163228993152   0.164544558201   0.169782531237   0.183412904448
0.151368497343   0.155827553661   0.155528620323   0.158448825988   0.164686308867   0.214100999919
0.156540916999   0.15962181929   0.161948084936   0.163536774473   0.172246996095   0.186078427085
0.154443617498   0.156645859202   0.159622845991   0.160776259867   0.167235011624   0.201240880107
0.152189780071   0.152140755889   0.158111495817   0.158702800965   0.16360152123   0.215226567999
0.155440673005   0.154048067836   0.157721381529   0.159585900954   0.162854684412   0.210320585037
0.149770089873   0.152733517605   0.15567971237   0.15738899705   0.165319097963   0.219061711997
0.156463998018   0.160102222288   0.162388070641   0.162858333578   0.170471434477   0.187686599468
0.152890285851   0.156318928067   0.154640383546   0.154920817681   0.166021624604   0.21519197958
0.161213176837   0.162978127326   0.164501926332   0.165672696653   0.172154748818   0.173457803206
0.155254160904   0.15826884342   0.160731265454   0.162648597746   0.169103561751   0.193961258381
0.154560832921   0.157043887272   0.159677111958   0.161376992332   0.167842843715   0.199464808696
0.158103650063   0.157307794618   0.159751053588   0.162435257123   0.166413097131   0.195959556621
0.149755030282   0.148076885075   0.153050271257   0.155520309394   0.160706028984   0.232847259094
0.153096030885   0.148010601406   0.153998319717   0.154985842188   0.153011250196   0.236875494467
0.162341534896   0.166656647311   0.168142490169   0.169012302605   0.173070861055   0.160761508432
0.160223814889   0.163111488   0.16382258429   0.164548827447   0.172186175499   0.176085478846
0.157200136737   0.161261342646   0.162116497273   0.164179279059   0.172730536457   0.182482316875
0.15707014386   0.15987405373   0.162298755499   0.163413551281   0.169338703616   0.187982512552
0.15690087549   0.157078380883   0.160421539085   0.162334022358   0.165765848048   0.197472706864
0.151885505307   0.154761167394   0.157649212703   0.159265428211   0.166339881483   0.210055792496
0.158219504739   0.156573551018   0.161086929468   0.163209204765   0.164096107736   0.196790211033
0.152119523407   0.156826638259   0.159124846011   0.16058038805   0.169842743225   0.201457375123
0.151910214983   0.155540956059   0.159570998056   0.160422851502   0.167619686535   0.204906607922
0.1511292583   0.158722149264   0.158750814814   0.157886747068   0.161948295516   0.211547167496
0.154344516948   0.155071845946   0.157746102382   0.16077294436   0.165459094749   0.206567250589
0.155870501905   0.158984553289   0.16126930746   0.163076568613   0.169125964217   0.191641229192
0.15722686808   0.158558659875   0.160494546872   0.16211731234   0.168297482182   0.193278586606
0.161206802865   0.164400997533   0.165811308175   0.167448888332   0.17316292166   0.167954316794
0.152779114988   0.155716475953   0.157041326015   0.158776221652   0.166809965179   0.2088284389
0.156610024858   0.155984631263   0.158556252936   0.160703429999   0.164337391841   0.203778485954
0.151853210754   0.155879408283   0.159024332771   0.160720493181   0.16877361428   0.203704315585
0.155362706037   0.158165232017   0.16072212805   0.161990726796   0.167850488466   0.195882351014
0.158527476804   0.158909890233   0.161792302241   0.161843004356   0.164281501568   0.194623473574
0.152335855979   0.154777101194   0.158025843685   0.159055965937   0.166065698677   0.209693803059
0.152004767116   0.153849930748   0.156470721249   0.159069618949   0.164729970076   0.21383445369
0.156270010071   0.157196800332   0.160374150096   0.162420511667   0.170332609061   0.193373582059
0.157695838285   0.161574603417   0.164470577756   0.165032858563   0.170775659691   0.180422970051
0.160591636239   0.161480081006   0.162188399703   0.164206448273   0.170202805623   0.181303381406
0.153342170327   0.157367402062   0.159782320083   0.160585112529   0.168381570985   0.200506214777
0.157530405527   0.158560467955   0.162021647523   0.161898948047   0.164047445102   0.19592263144
0.152463125368   0.156552731971   0.157895002734   0.159432387556   0.16714702815   0.206465593629
0.15891686792   0.161361674073   0.163268997796   0.16421743716   0.171589784398   0.180626377435
0.152158871961   0.153421840255   0.155779877505   0.158251531939   0.160845230682   0.219517159933
0.15582834151   0.158080159222   0.15981085825   0.161004657388   0.168282751751   0.196954451269
0.15396621836   0.156201392247   0.160348647805   0.162079706368   0.166632021685   0.200744151292
0.161839998459   0.16266254386   0.164567332365   0.163954106053   0.167650485289   0.179303888114
0.150346793094   0.155035679942   0.157867139004   0.160188050137   0.167551519617   0.208945381484
0.155201631406   0.157162066355   0.159475932639   0.160625981357   0.16902138057   0.198476450252
0.152013930923   0.153257795109   0.153733914335   0.157318705362   0.169632536349   0.214010402325
0.145083627433   0.146320212539   0.148343733272   0.150960283881   0.155873324497   0.253327118731
0.141672295999   0.140314483783   0.140873303269   0.142242006143   0.150354059368   0.284508139285
0.149665107149   0.152980392269   0.154966995685   0.157151916499   0.166000235154   0.21918681263
0.157433847498   0.160110572407   0.162439644472   0.163777837046   0.171696233664   0.184511402856
0.155029328752   0.157397546531   0.160616175494   0.161841246933   0.169373285959   0.195712551582
0.149465258235   0.151399592686   0.15413940855   0.156354435398   0.165399178017   0.223189396023
0.161325153097   0.164469474094   0.165708748087   0.165735703605   0.170220410629   0.172525343234
0.160126939099   0.163078870537   0.164888222737   0.166085865283   0.170413165656   0.175384364162
0.156083008572   0.155428448278   0.158359325613   0.159655669949   0.164691406705   0.205748498238
0.156826951859   0.16307997787   0.162988669278   0.165782460056   0.172300318791   0.178996838274
0.151881776518   0.153737109221   0.156525754197   0.158378637319   0.165238328767   0.214193607833
0.157606900652   0.16171007371   0.162896520285   0.164156457772   0.170279083219   0.183324277164
0.149969034407   0.153452137502   0.156650259596   0.158806250323   0.165786484771   0.215284807299
0.153554433464   0.156705322366   0.159544732223   0.161052932141   0.16686174655   0.202245072686
0.154821034028   0.157185466879   0.161056849065   0.161924634878   0.168442839657   0.196534071591
0.154044368909   0.155799230698   0.159128573429   0.160562364836   0.167017291761   0.203419113743
0.152929361749   0.152316304248   0.15430925854   0.155766557623   0.160936132015   0.223696806118
0.15735525216   0.16095525259   0.161648147569   0.16231976547   0.167230374509   0.190463106945
0.156018507232   0.159595346697   0.161044403896   0.162899488499   0.168309742766   0.192104832795
0.146721883584   0.14795513426   0.153155931878   0.15530772533   0.16229493823   0.234539266584
0.157767463664   0.160565591121   0.162199499857   0.163992559082   0.171998780127   0.1834516211
0.159429787401   0.160871790603   0.16408871474   0.165673357631   0.170276206574   0.179637289007
0.160364055658   0.159937384001   0.162214731218   0.163839688721   0.169695502268   0.183927926686
0.153018679524   0.157772392319   0.159736359342   0.159741941233   0.168087591658   0.201620899983
0.151338873713   0.150586211708   0.153359717055   0.155398685273   0.159492352441   0.229781458026
0.159764045787   0.162709328934   0.165058207965   0.165804627708   0.172394011863   0.174249653296
0.155210676624   0.157441002904   0.159842482603   0.16143418094   0.170150150184   0.195887813777
0.151822434401   0.153083078525   0.155189829288   0.156413118528   0.163175698568   0.220262937848
0.158432840751   0.161580101017   0.16329014328   0.16443806241   0.170580993549   0.181650246166
0.151006555716   0.152428604465   0.155664223253   0.157713452192   0.164870878962   0.218271405542
0.153765424168   0.155642222334   0.157807226455   0.159252655079   0.165852382268   0.207641256267
0.149436563861   0.149992559621   0.153867198215   0.156354850821   0.159774008696   0.230528139926
0.152049277215   0.15263179162   0.157124869632   0.159447606997   0.16469053578   0.214022988973
0.158927991979   0.16047660238   0.163567338928   0.164856078972   0.16885255105   0.183297347789
0.162633925626   0.157275039232   0.159868186105   0.158016357924   0.163005831128   0.199180962845
0.149536587232   0.156140983456   0.161197752816   0.159687761476   0.165138252534   0.208272988918
0.141260648104   0.141627961759   0.151597536083   0.160140689626   0.156418536162   0.248924878746
0.161506309922   0.165338303494   0.166695972934   0.166844778848   0.173539265519   0.16605724341
0.163731753635   0.168662284876   0.169154054883   0.169451562353   0.171552092773   0.157436918782
0.148908299191   0.147017502569   0.152972604275   0.15600309586   0.158363984798   0.236695320261
0.15538151047   0.160397773964   0.162775184604   0.164118388267   0.168813512266   0.188485158578
0.160620159911   0.1616677812   0.163569727765   0.164108414955   0.171430303041   0.178582994815
0.1484695816   0.152027597553   0.15556477338   0.16088570593   0.165846526198   0.217168449598
0.154977227079   0.157413275149   0.160695625986   0.159874950733   0.166906527634   0.200104787243
0.157083371065   0.160045212538   0.162327300899   0.163454861491   0.168659895218   0.188399350888
0.163603801881   0.164234999218   0.165277733934   0.165929782159   0.171123160931   0.169812007317
0.146466461448   0.150928356381   0.153031785534   0.154102436147   0.162506512391   0.232894992083
0.144236170534   0.146691267535   0.149134341476   0.152014887825   0.161463867348   0.246394276704
0.153943851627   0.159132838833   0.159896301314   0.16110252106   0.165042066386   0.200862277848
0.155260046753   0.149912114251   0.155956680136   0.156633374997   0.155799402707   0.226407843024
0.153823141803   0.1556680128   0.158441944208   0.159874990169   0.1673796306   0.204779122673
0.158019392877   0.161609866523   0.161887620501   0.163863637942   0.170968599786   0.183618175524
0.153331764033   0.157650110313   0.160406448391   0.16199559932   0.16804019514   0.198535583546
0.150201196955   0.153192358313   0.154456295027   0.156847334696   0.16510864643   0.220143707639
0.15668883965   0.156678114824   0.159283292392   0.160902926664   0.164623425185   0.201784353951
0.158093953369   0.161332070221   0.162753118879   0.163972756883   0.170169527217   0.18365237566
0.152908146926   0.152833632531   0.156842969691   0.157459536578   0.157669160643   0.222268291249
0.160049230803   0.162795123317   0.164720592575   0.167096468939   0.171105302244   0.174210671843
0.156474907933   0.159914930234   0.160293416492   0.160770738583   0.165345749193   0.197175463929
0.16088866694   0.158783418692   0.160059140754   0.160868154642   0.165138641195   0.194249645896
0.159527248305   0.160487232578   0.162640795737   0.163526390299   0.170899898295   0.182891437393
0.156454589506   0.158503969185   0.161601026948   0.163041668768   0.169427161364   0.190938849953
0.150079465854   0.155287025796   0.158085581121   0.159892057435   0.168200904771   0.208404553998
0.152968274742   0.155843859266   0.158119724341   0.159644481672   0.167594822748   0.205786304374
0.152432819999   0.155634357617   0.158452282458   0.160036135222   0.165694190406   0.207706097542
0.131536818056   0.131958605106   0.136133460342   0.139790385556   0.142807535719   0.317689603861
0.154788305248   0.154781655837   0.15880240668   0.16014559147   0.161347665565   0.210111608742
0.155412822573   0.159316849707   0.159438114231   0.158984095739   0.16737013924   0.199443717103
0.154927350899   0.1584331861   0.162175942728   0.163279704836   0.16608416249   0.195078523978
0.155495213842   0.157374781917   0.158823056519   0.159565740809   0.16397036204   0.204742107198
0.145150428236   0.150103512845   0.152406480423   0.154484875423   0.163954867427   0.233829840584
0.155689793583   0.157234530909   0.160134927188   0.160984354901   0.167669672627   0.198252083006
0.158870747682   0.161042619934   0.163661897395   0.164889741022   0.169403903569   0.182107242332
0.154112738155   0.159037706285   0.160560139187   0.161432351047   0.172329324071   0.192493224165
0.153440467456   0.154753292614   0.158369196489   0.158993280751   0.164959219121   0.209439541975
0.159393216674   0.159221917465   0.161067666422   0.162316347282   0.169103298647   0.188868640578
0.141774214373   0.140124533786   0.145575012377   0.152132229755   0.157319575659   0.263036401209
0.158513467098   0.155232260795   0.15928566181   0.160721512942   0.16327692528   0.202942129825
0.15809540844   0.16288003005   0.163267870864   0.165260449231   0.172685720405   0.17778853727
0.15607512343   0.158755214777   0.159522311399   0.160800951374   0.166607261449   0.198196254203
0.152116491546   0.150099897025   0.153192261266   0.154608514205   0.159631718634   0.230310284856
0.155813877532   0.157367375955   0.161395564462   0.162324802966   0.164927966677   0.198155765174
0.161117778124   0.163629321432   0.165378159998   0.165884009072   0.175400785191   0.168574573433
0.158146281789   0.163335826804   0.164592085155   0.164752219678   0.169525037882   0.179626064109
0.15560378205   0.156654229017   0.161459475622   0.159855954872   0.166382964208   0.200017384465
0.162510077391   0.163872744924   0.165086951638   0.166500948788   0.171661552542   0.17033556321
0.164628365224   0.170035858189   0.169213180705   0.170070539371   0.176063496505   0.149982302689
0.156311336718   0.157881578073   0.162901178623   0.162861437846   0.168070410142   0.191950874536
0.157523319035   0.161727260366   0.164961802399   0.164587254999   0.171372305687   0.17980945062
0.158939603381   0.163220130067   0.165146836922   0.166366459706   0.172173264526   0.174129973517
0.155465823461   0.159078061157   0.161509929595   0.161910645483   0.168513919222   0.193488485633
0.151742916493   0.151965522346   0.155249904622   0.158174557686   0.160973164558   0.221855010706
0.152469566066   0.157223403693   0.15834071555   0.162253571406   0.168351167011   0.201338632183
0.156212608375   0.159321646157   0.160734846302   0.162078142711   0.168242394325   0.193378358244
0.159251814926   0.161432791585   0.164372469382   0.165250855095   0.170227590643   0.179443564809
0.156218955411   0.156681821792   0.159925944848   0.161393813438   0.166280251774   0.199467970879
0.151916663924   0.152704552622   0.156553440793   0.157945482176   0.164634086032   0.216196833265
0.157934267602   0.158316329003   0.160199885693   0.162092939768   0.167942359057   0.193481767804
0.159157590939   0.160801280499   0.162740646573   0.163733355939   0.169089550812   0.184452077139
0.133935882379   0.143455224179   0.151646997911   0.154404897995   0.152714139148   0.263824810452
0.15760704181   0.159331588486   0.160385602078   0.16303544149   0.168220719418   0.191401685995
0.156342206334   0.16117980709   0.164594112831   0.165651563448   0.17122618856   0.180986413064
0.158197221997   0.161215643032   0.160118061858   0.160334516944   0.164248802915   0.195862931622
0.159863538038   0.160835193505   0.163908186955   0.165622877257   0.170427733017   0.179320491575
0.155623568216   0.157309755951   0.15862443471   0.161397573036   0.168793235951   0.198218583766
0.157302284718   0.160290169972   0.162915735692   0.16365839643   0.168854249011   0.186953208974
0.156708579535   0.161061514841   0.162850757198   0.164079558874   0.169809189859   0.18546293814
0.154675183818   0.15805442157   0.159781481998   0.161168973541   0.166992699773   0.199291276571
0.156977424263   0.157547168824   0.16028302451   0.161823180229   0.166904339337   0.196433039077
0.155675754047   0.159375476269   0.162465892063   0.163913296411   0.170306714198   0.188229190361
0.146615667626   0.147641625609   0.15387879223   0.154082905357   0.1587923851   0.238953189453
0.150435045078   0.152223986342   0.155442008678   0.157286737656   0.163744443313   0.220824189997
0.153376239927   0.155175020636   0.158327532707   0.159592157743   0.166343820392   0.207150606921
0.15409394856   0.157117845763   0.159676935078   0.161424399086   0.16788007462   0.199775285799
0.152158882888   0.158015475631   0.159511554501   0.160511470742   0.168430124186   0.20133355917
0.153013866823   0.156741422303   0.159298887793   0.160901592188   0.168203613167   0.201799874782
0.153601829645   0.15776607628   0.160441884821   0.1612848669   0.168455006545   0.198416368719
0.116506373344   0.10820894771   0.115518711552   0.115892068672   0.121026900519   0.422819432003
0.150145659477   0.155235936032   0.157444574686   0.158432550388   0.167399811684   0.211294038331
0.155213576749   0.158567453453   0.159433816254   0.159704231834   0.166779822471   0.200270688896
0.156423569008   0.160015111988   0.161832632621   0.163330223605   0.169724615716   0.18864743943
0.163472784455   0.151659709101   0.153514923203   0.154747735476   0.154516658559   0.222064794469
0.152700756457   0.15679886712   0.158689405562   0.159892392544   0.169311528888   0.20256195472
0.137522638734   0.141061454868   0.150779247633   0.151584864523   0.144368444546   0.27466568617
0.151728659745   0.15323654909   0.15604347341   0.157521755618   0.164044763546   0.217382845291
0.15184619832   0.155261186013   0.157353862949   0.158920752612   0.166274475464   0.210294116493
0.155517506406   0.15939876923   0.161140664399   0.16221893281   0.169144426927   0.192544884981
0.156466317468   0.158024731536   0.160467385816   0.162670473799   0.165051681935   0.197290895297
0.161211335682   0.162678492136   0.164911101701   0.165938127228   0.170715265028   0.174527414465
0.117302982938   0.105587408122   0.112417605669   0.113770628863   0.109396550626   0.44151327008
0.153893131007   0.158995885538   0.16302318206   0.163426022917   0.168947869373   0.191687245539
0.157191205697   0.159037970357   0.161498750804   0.16249577726   0.168735280311   0.191010583517
0.15195808018   0.154274793817   0.158918785724   0.159563235586   0.163204547792   0.212028371626
0.155760285458   0.157375593442   0.159001477746   0.160658429378   0.167955876453   0.19921920943
0.153795605988   0.157133958204   0.159464560098   0.161101725848   0.167551825082   0.200923275584
0.158187057433   0.152431106166   0.156302081522   0.156284501036   0.157434041846   0.219334582354
0.154719670422   0.159253940396   0.161747038985   0.16439564435   0.171014139088   0.188839466548
0.152323672914   0.154083344032   0.157554735847   0.159285691934   0.163700536478   0.213015865831
0.159114079088   0.160359309784   0.162713064991   0.163828924634   0.169696600151   0.184261325274
0.155149982471   0.153109649328   0.156997515561   0.159359357061   0.162671369205   0.212680638494
0.158138470536   0.157608098483   0.159976657883   0.161450767773   0.166352383477   0.19644225996
0.158202922978   0.16222593414   0.163216648689   0.164732709608   0.170710587955   0.180884578813
0.157147924097   0.154302374629   0.15872172746   0.160736355541   0.162533996588   0.206532540084
0.148964378933   0.15574760844   0.15801378521   0.159595300157   0.167477870036   0.210145285223
0.151566503714   0.153949450886   0.157033378873   0.158296901399   0.162562998479   0.216557297592
0.153187681699   0.154503280142   0.158989770684   0.159927525119   0.168291226708   0.205062799781
0.15780338319   0.160782703172   0.162951204197   0.165332312847   0.170994644638   0.182110579321
0.157222940265   0.160168213782   0.162407322401   0.164371098784   0.170378668465   0.185425255466
0.158156639329   0.156133224429   0.159691064225   0.161196952121   0.163118041725   0.201675432535
0.156135085534   0.158015483674   0.159530175878   0.161418441912   0.169781384386   0.195092980303
0.15506041065   0.160849013697   0.162065155692   0.162888401769   0.166473605815   0.192635200427
0.156050060978   0.156527535137   0.159192145859   0.161510954661   0.167559674907   0.199128554752
0.157710061866   0.159969365469   0.16185144378   0.163119391685   0.168727195369   0.188596751517
0.159978741135   0.162588114392   0.164477293768   0.165787948058   0.17068205002   0.176462489116
0.155240916847   0.158685357903   0.16048783984   0.161742806769   0.169432088091   0.194374375469
0.152971649757   0.157346328919   0.160194563922   0.161796333343   0.169714306612   0.197935041888
0.153015625609   0.155648622487   0.15752205528   0.159381040921   0.165403394547   0.208989186306
0.152443621382   0.15458624838   0.156967610392   0.15928379065   0.164097804144   0.212580331455
0.158225325034   0.162820601662   0.1645327861   0.165964546199   0.171913410895   0.176522829691
0.154227202765   0.158195433967   0.159953759633   0.161747444756   0.168762412403   0.197070145303
0.152056856307   0.156423416205   0.157581797413   0.160016386965   0.166625934208   0.207258523138
0.153113737787   0.158904912656   0.160009098207   0.161778244059   0.168722475518   0.197430456698
0.150821385074   0.154504882826   0.1560547714   0.158161615694   0.159689356135   0.220744588301
0.148536155845   0.152951439734   0.156043376773   0.157994893941   0.166036177814   0.218407844852
0.161006654898   0.159759840326   0.162560474104   0.162978481193   0.16768000406   0.185991365362
0.158323400626   0.159660043289   0.162209908368   0.162912245858   0.169982899098   0.186884040567
0.154404320229   0.157948184325   0.161098176481   0.162197760078   0.169270241256   0.195052595112
0.158871714681   0.161554089081   0.162165747157   0.163652334686   0.168755190871   0.184978710442
0.158850530115   0.160691451259   0.161744521543   0.16404605529   0.169874097661   0.184768550877
0.15520924942   0.15607767945   0.160242403032   0.160632098286   0.165936026162   0.201874881953
0.154045966525   0.156562876614   0.159253337584   0.161621819584   0.16720773024   0.201270599528
0.156880430475   0.160445088422   0.162098107775   0.163698379379   0.169249027325   0.187599312725
0.15481931525   0.1559903371   0.158684442798   0.16048305232   0.165303269997   0.20468699713
0.155687559355   0.158493428775   0.160811100953   0.162277413052   0.167916210823   0.194786094103
0.153165891428   0.156580474777   0.159789623946   0.15948755641   0.168328141449   0.202618595237
0.151324265081   0.154793403873   0.156758281282   0.158565478312   0.166419006773   0.212095351727
0.15420048371   0.158208151704   0.160050559103   0.161270184186   0.169363233373   0.196870926429
0.155745445578   0.15482163567   0.159016596762   0.160803752022   0.16548405657   0.204103385147
0.164006555316   0.164149239531   0.169196713881   0.168644976645   0.16474092893   0.169260416038
0.147675567079   0.143460164309   0.149178179403   0.152011338332   0.156554352506   0.251093611838
0.147450765072   0.150302285355   0.153105645256   0.154767841398   0.157145161081   0.237196175602
0.153785299075   0.156458710606   0.159443178521   0.161360684295   0.167847038398   0.20106819326
0.147062451984   0.151665593887   0.155708981867   0.156906174868   0.163905622064   0.224709166869
0.150769384069   0.152550600119   0.156733841007   0.159154267952   0.166572460674   0.214169386589
0.156325349215   0.158939801378   0.161270405858   0.162993371184   0.17080046248   0.189635461549
0.151557411274   0.156420771346   0.162303874044   0.162345128136   0.172376887741   0.194969326413
0.163367677971   0.159914941605   0.162349701756   0.162547843573   0.165982281998   0.185818533517
0.149908743451   0.151586065858   0.158219911598   0.158879370948   0.164690502828   0.216680306963
0.142052833886   0.14429962781   0.149363011933   0.150292331653   0.157171970063   0.256803797491
0.150456596055   0.154677875233   0.158342140111   0.160260294525   0.167326303902   0.208894200431
0.15521796262   0.160490520118   0.163823002049   0.163844940195   0.168432610086   0.188173969191
0.154958192445   0.15533222242   0.158945277527   0.1626633517   0.169044726571   0.199019332129
0.14759518545   0.151583553334   0.15457982365   0.155545650362   0.162916120974   0.227710775235
0.154074355901   0.158895788667   0.16140613084   0.162532674808   0.168459635814   0.194599124844
0.150128854936   0.152375251643   0.15599297648   0.1570447908   0.163047811301   0.221366302629
0.15385809364   0.156701427937   0.159609946142   0.161424175394   0.166945502931   0.201427650301
0.155076793372   0.159637850698   0.159509032696   0.161775190984   0.165829593244   0.198137408836
0.153580986498   0.157391305838   0.159215878574   0.161020916086   0.169101987711   0.199640384807
0.157913372378   0.159595839632   0.161823093351   0.163444308945   0.169703116799   0.187490981447
0.15505797568   0.158499917798   0.161419516155   0.162415493931   0.16869408794   0.193879441226
0.157318551727   0.162103696662   0.162287924465   0.163977452701   0.173050477161   0.181236541861
0.148332829287   0.148882885183   0.152945671585   0.156213846679   0.160464191584   0.233111442123
0.160977154583   0.165178857136   0.167333631086   0.166640907954   0.170433692672   0.169421736998
0.15317955796   0.157045518358   0.159637680771   0.160917324696   0.169175106055   0.200001032786
0.155148517996   0.161434400659   0.163143137495   0.165468857987   0.171488573081   0.183292850458
0.157158825375   0.161278092549   0.163755487152   0.164250585747   0.170422797464   0.183112444206
0.168162661059   0.158448081555   0.15900430932   0.160590732778   0.158929752104   0.194846924441
0.151333978771   0.154638250891   0.157582756348   0.15930556033   0.166360049261   0.21073523792
0.154472220936   0.15655379007   0.160727843187   0.162033018023   0.164715192759   0.201471622465
0.148801528359   0.15214385572   0.155281550493   0.157936046411   0.163631100219   0.222137242431
0.159210959408   0.161703173957   0.165028204311   0.165759215607   0.171819238478   0.17646098491
0.154709658336   0.157734834244   0.160915527438   0.161893515001   0.167072808345   0.197638772434
0.151823707117   0.154768980177   0.157562802596   0.159534442629   0.166428618188   0.209838206261
0.124614717411   0.121315111678   0.129708135921   0.134545520526   0.138897151634   0.350794641319
0.15211666078   0.157536884653   0.15972077293   0.160934325652   0.168492313121   0.201154756398
